

        00000000 00111111 11112222 22222233 33333333 44444444 44555555 55556666 66666677 77777777
        01234567 89012345 67890123 45678901 23456789 01234567 89012345 67890123 45678901 23456789
input : 12345678 12345678 12345678 12345678 12345678 12345678 12345678 12345678 12345678 12345678
row 21: 00000000 00000000 00001111 11111111 11111111 10000000 00000000 000000-- -------- --------
row 22: 00000000 00000000 00000111 11111111 11111111 11100000 00000000 00000000 0------- --------
                                                                                           
part 1: 00408186 46287718 28602804 62005584 59661140 09740592 43184936 87528370 21962714 65306158
part 2: 00408186 46287718 28602804 62005584 59661140 09740592 43184936 87528370 21962714 65306158
